[[8.4351368e-02 8.3577874e-07 2.2122262e-04 ... 1.4353660e-01
  2.8765402e-05 7.7175450e-01]
 [4.2017564e-04 1.2872746e-07 4.3909924e-05 ... 1.7020750e-05
  1.9720044e-05 9.9813229e-01]
 [1.3248122e-01 3.3094384e-02 7.1210251e-03 ... 8.6064368e-02
  1.7072401e-03 7.3776877e-01]
 ...
 [1.2161884e-02 1.1122959e-05 2.7932534e-03 ... 3.7384551e-02
  8.3648728e-04 8.3351034e-01]
 [2.3667555e-05 1.7560947e-09 1.5639473e-06 ... 4.0186678e-05
  3.0834460e-06 1.3583148e-01]
 [7.2437324e-02 2.2061295e-05 8.7671465e-04 ... 6.5223224e-02
  1.4223854e-04 8.5362387e-01]]